7522
8329
8384
8574
8665
8694
8704
8775
8808
8824
8855
8952
9143
9176
9208
9279
9294
9333
9343
9350
9359
9369
9424
9476
9480
9481
9485
9494
9497
9500
9505
9514
9517
9533
9538
9539
9544
9547
9548
9549
9555
9558
9571
9575
9576
9577
9592
9602
9605
9612
9614
9619
9622
9643
9657
9665
9670
9672
9681
9690
9693
9696
9697
9701
9711
9724
9725
9726
9727
9732
9733
9734
9738
9739
9740
9743
9744
9750
9760
9766
9768
9773
9774
9780
9785
9786
9788
9789
9791
9792
9794
9795
9798
9801
9804
9805
9807
9813
9815
9817
9818
9819
9820
9821
9822
9823
9824
9827
9828
9829
9830
9831
9832
9833
9834
9839
9840
9842
9843
9847
9853
9856
9861
9865
9867
9868
9871
9875
9879
9880
9884
9888
9890
9891
9892
9894
9895
9902
9903
9904
9905
9906
9908
9909
9910
9911
9912
9916
9921
9929
9930
9932
9936
9940
9942
9945
9946
9949
9951
9952
9953
9955
9956
9959
9960
9962
9963
9966
9970
9972
9973
9974
9977
9980
9984
9987
9993
9995
9999
10002
10008
10010
10011
10017
10023
10024
10027
10029
10033
10036
10037
10038
10039
10045
10047
10052
10053
10056
10057
10058
10060
10061
10063
10067
10069
10072
10073
10075
10076
10077
10083
10084
10085
10086
10088
10090
10093
10095
10096
10097
10098
10104
10105
10107
10108
10109
10114
10115
10118
10120
10123
10124
10126
10128
10129
10130
10133
10134
10135
10136
10137
10139
10142
10143
10144
10146
10148
10150
10151
10152
10153
10154
10155
10156
10159
10162
10164
10165
10166
10167
10168
10169
10171
10175
10176
10177
10178
10179
10180
10181
10186
10187
10189
10190
10191
10192
10193
10195
10196
10197
10198
10199
10201
10201
10204
10207
10208
10211
10215
10219
10221
10222
10223
10224
10225
10226
10228
10229
10231
10234
10235
10239
10242
10245
10248
10249
10250
10252
10253
10255
10256
10257
10258
10260
10263
10264
10265
10270
10272
10273
10276
10278
10280
10281
10283
10284
10287
10290
10292
10294
10295
10297
10301
10302
10305
10307
10308
10309
10310
10311
10313
10314
10317
10318
10319
10321
10322
10323
10325
10327
10328
10330
10331
10338
10341
10342
10344
10345
10347
10351
10352
10359
10361
10362
10365
10371
10372
10374
10376
10377
10380
10381
10383
10388
10390
10395
10400
10403
10404
10405
10408
10410
10412
10413
10414
10415
10419
10420
10421
10422
10423
10424
10426
10429
10431
10432
10433
10441
10445
10446
10447
10449
10450
10451
10454
10455
10460
10461
10463
10464
10467
10469
10471
10475
10478
10479
10480
10481
10483
10486
10488
10489
10495
10496
10500
10501
10502
10503
10506
10508
10509
10514
10515
10521
10522
10523
10524
10526
10530
10533
10534
10535
10536
10537
10538
10543
10544
10545
10546
10547
10548
10549
10550
10551
10553
10555
10556
10557
10558
10559
10560
10561
10564
10565
10566
10568
10569
10571
10575
10577
10578
10581
10582
10587
10589
10592
10598
10602
10604
10607
10608
10612
10614
10618
10623
10626
10627
10628
10631
10632
10633
10636
10642
10644
10651
10655
10659
10660
10662
10673
10676
10681
10683
10684
10685
10688
10690
10695
10698
10703
10704
10706
10707
10710
10712
10714
10728
10735
10739
10743
10744
10747
10758
10759
10760
10761
10765
10766
10769
10775
10780
10783
10784
10786
10788
10789
10792
10795
10799
10803
10806
10807
10808
10810
10812
10816
10817
10819
10820
10821
10824
10831
10832
10833
10834
10835
10837
10840
10842
10844
10849
10851
10854
10855
10857
10862
10864
10865
10870
10883
10885
10892
10893
10899
10912
10914
10917
10919
10927
10931
10942
10945
10948
10949
10958
10963
10968
10971
10974
10977
10982
10985
10986
10988
10995
10998
10999
11000
11001
11002
11003
11012
11022
11023
11025
11028
11029
11032
11076
11090
11102
11180
11255
11279
11292
11295
11445
11447
11550
11592
11610
11647
11662
12032
13093
13574
